30 13
33 17
51 16
33 12
18 10
9 9
33 12
48 19
33 5
57 16
30 16
48 3
54 14
21 4
42 15
33 18
42 13
21 11
42 22
21 11
36 10
33 17
42 14
39 17
45 12
54 19
57 25
48 10
9 16
66 19
54 12
45 14
42 23
54 16
63 12
60 10
36 16
57 20
60 12
15 15
39 13
63 18
36 19
66 11
51 18
36 11
18 15
36 12
72 9
54 17
54 9
51 9
21 15
51 14
39 20
18 16
63 14
63 16
21 12
12 13
39 10
33 16
42 18
33 14
24 14
3 18
57 22
36 23
33 20
45 17
36 14
48 21
30 23
21 21
33 18
27 14
24 14
36 13
72 12
24 16
42 18
42 9
48 9
36 18
51 11
39 11
57 9
78 16
54 17
39 16
48 14
39 13
66 19
51 6
45 9
45 13
30 18
51 20
45 11
33 6
45 15
48 21
30 16
36 23
42 6
24 19
24 24
63 18
39 12
48 11
45 19
24 12
42 14
42 8
24 21
42 15
36 12
57 17
18 11
42 16
54 12
39 11
24 5
39 9
18 19
42 6
45 17
42 7
51 15
51 22
48 14
63 11
18 12
33 21
63 9
9 9
36 17
48 10
27 16
36 17
27 15
30 11
30 13
21 10
48 14
36 16
30 4
63 16
72 16
39 14
27 15
39 18
30 16
54 7
30 20
30 22
15 12
51 14
0 23
60 16
48 17
45 19
63 14
27 16
27 13
21 15
33 13
33 8
48 22
36 11
54 12
54 10
72 8
18 10
18 21
24 12
27 15
30 10
45 11
39 15
42 13
54 18
42 9
45 6
42 13
30 16
57 17
69 1
39 18
60 21
60 8
57 14
12 6
39 17
66 12
51 24
33 23
36 11
9 10
60 19
12 9
27 15
27 10
36 8
54 15
24 14
39 17
57 6
39 21
57 13
39 8
33 11
27 13
42 12
33 12
30 10
48 14
48 17
48 15
51 22
36 7
48 14
15 14
21 19
30 11
42 18
48 20
57 22
66 18
39 5
63 14
48 21
27 19
39 8
21 9
27 19
21 18
42 4
72 22
39 22
57 20
57 18
66 6
12 19
21 13
51 17
54 16
33 11
51 10
33 13
39 14
27 16
36 11
72 18
60 13
18 11
60 20
69 21
36 8
36 14
42 15
66 17
24 12
36 17
30 10
48 11
27 22
30 16
57 9
66 11
27 17
33 6
63 14
33 18
36 13
51 13
48 23
33 15
51 13
27 5
39 5
33 8
39 6
51 16
48 10
42 14
45 21
48 17
27 9
39 12
30 11
39 6
36 20
42 18
36 16
45 4
57 9
69 13
60 16
48 16
12 8
48 12
39 17
18 15
42 18
45 13
39 15
57 19
60 21
27 17
30 17
30 14
66 9
18 9
51 15
3 21
51 18
30 19
30 10
60 14
30 13
36 10
42 15
45 13
33 15
54 19
57 15
45 16
54 18
60 12
36 15
63 13
9 8
42 17
39 15
45 15
48 16
30 10
39 21
30 12
21 15
45 12
24 11
36 20
21 7
66 23
48 9
69 13
36 21
72 11
30 16
24 20
63 19
48 8
18 19
51 9
30 11
33 6
36 8
42 14
36 10
27 17
15 14
15 19
24 7
33 11
66 15
36 11
45 11
27 20
48 10
54 18
45 11
66 13
48 11
60 11
33 17
45 14
33 19
60 12
27 10
57 16
36 18
30 21
39 14
51 22
36 11
45 6
36 12
36 17
27 8
33 17
45 6
15 17
36 11
33 9
39 15
27 19
21 5
24 18
57 16
45 14
27 24
42 13
57 9
42 16
18 5
15 20
51 18
18 16
69 19
57 12
42 15
60 17
54 18
27 19
45 10
42 19
42 17
51 12
54 15
12 12
48 10
51 19
39 10
33 16
30 19
30 14
39 12
48 23
18 17
45 22
27 10
30 8
45 17
60 20
45 22
27 11
30 18
45 16
15 13
30 21
42 14
57 11
63 17
39 16
42 24
18 17
48 17
48 8
42 9
30 10
42 10
66 18
57 22
27 18
36 11
48 20
15 14
27 18
27 11
48 9
21 13
42 16
39 19
36 19
36 16
24 20
27 13
39 7
63 16
39 17
27 19
18 3
48 16
48 21
66 6
39 13
69 18
51 18
42 17
33 6
12 11
27 21
27 17
27 14
15 13
42 14
51 9
39 18
33 17
42 19
39 21
45 9
45 10
24 14
60 12
45 18
45 14
48 21
