7 10101011101110
0 10101110111010
3 11101110101010
5 11101011101010
2 10111010101110
2 10111010101110
5 11101011101010
3 11101110101010
2 10111010101110
7 10101011101110
4 10101110101110
9 10111010111010
2 10111010101110
5 11101011101010
3 11101110101010
9 10111010111010
5 11101011101010
8 11101010111010
6 10111011101010
8 11101010111010
4 10101110101110
0 10101110111010
4 10101110101110
4 10101110101110
3 11101110101010
7 10101011101110
8 11101010111010
2 10111010101110
5 11101011101010
5 11101011101010
4 10101110101110
1 11101010101110
5 11101011101010
0 10101110111010
5 11101011101010
0 10101110111010
8 11101010111010
3 11101110101010
8 11101010111010
0 10101110111010
8 11101010111010
9 10111010111010
5 11101011101010
3 11101110101010
1 11101010101110
3 11101110101010
7 10101011101110
2 10111010101110
9 10111010111010
9 10111010111010
7 10101011101110
0 10101110111010
4 10101110101110
5 11101011101010
1 11101010101110
6 10111011101010
3 11101110101010
1 11101010101110
7 10101011101110
5 11101011101010
1 11101010101110
1 11101010101110
0 10101110111010
3 11101110101010
2 10111010101110
9 10111010111010
1 11101010101110
1 11101010101110
7 10101011101110
8 11101010111010
0 10101110111010
1 11101010101110
7 10101011101110
8 11101010111010
9 10111010111010
9 10111010111010
2 10111010101110
1 11101010101110
6 10111011101010
0 10101110111010
0 10101110111010
9 10111010111010
3 11101110101010
6 10111011101010
8 11101010111010
0 10101110111010
4 10101110101110
6 10111011101010
9 10111010111010
5 11101011101010
8 11101010111010
8 11101010111010
5 11101011101010
3 11101110101010
6 10111011101010
2 10111010101110
2 10111010101110
9 10111010111010
4 10101110101110
1 11101010101110
0 10101110111010
1 11101010101110
4 10101110101110
1 11101010101110
2 10111010101110
7 10101011101110
2 10111010101110
9 10111010111010
9 10111010111010
1 11101010101110
6 10111011101010
4 10101110101110
4 10101110101110
0 10101110111010
5 11101011101010
3 11101110101010
2 10111010101110
6 10111011101010
1 11101010101110
2 10111010101110
4 10101110101110
0 10101110111010
1 11101010101110
2 10111010101110
3 11101110101010
2 10111010101110
8 11101010111010
1 11101010101110
4 10101110101110
7 10101011101110
8 11101010111010
6 10111011101010
0 10101110111010
6 10111011101010
8 11101010111010
2 10111010101110
7 10101011101110
2 10111010101110
7 10101011101110
7 10101011101110
8 11101010111010
9 10111010111010
7 10101011101110
9 10111010111010
8 11101010111010
8 11101010111010
6 10111011101010
1 11101010101110
2 10111010101110
7 10101011101110
8 11101010111010
3 11101110101010
4 10101110101110
9 10111010111010
0 10101110111010
8 11101010111010
3 11101110101010
5 11101011101010
7 10101011101110
4 10101110101110
5 11101011101010
6 10111011101010
3 11101110101010
7 10101011101110
0 10101110111010
4 10101110101110
4 10101110101110
9 10111010111010
0 10101110111010
3 11101110101010
4 10101110101110
6 10111011101010
0 10101110111010
2 10111010101110
1 11101010101110
4 10101110101110
8 11101010111010
0 10101110111010
4 10101110101110
6 10111011101010
5 11101011101010
8 11101010111010
9 10111010111010
9 10111010111010
5 11101011101010
4 10101110101110
6 10111011101010
0 10101110111010
3 11101110101010
9 10111010111010
2 10111010101110
9 10111010111010
2 10111010101110
4 10101110101110
2 10111010101110
5 11101011101010
4 10101110101110
3 11101110101010
1 11101010101110
1 11101010101110
9 10111010111010
8 11101010111010
3 11101110101010
6 10111011101010
1 11101010101110
2 10111010101110
4 10101110101110
7 10101011101110
0 10101110111010
0 10101110111010
3 11101110101010
6 10111011101010
0 10101110111010
6 10111011101010
5 11101011101010
0 10101110111010
8 11101010111010
5 11101011101010
7 10101011101110
7 10101011101110
7 10101011101110
8 11101010111010
1 11101010101110
0 10101110111010
9 10111010111010
0 10101110111010
2 10111010101110
1 11101010101110
6 10111011101010
6 10111011101010
3 11101110101010
1 11101010101110
4 10101110101110
3 11101110101010
0 10101110111010
4 10101110101110
1 11101010101110
4 10101110101110
6 10111011101010
9 10111010111010
3 11101110101010
5 11101011101010
8 11101010111010
9 10111010111010
6 10111011101010
2 10111010101110
0 10101110111010
6 10111011101010
9 10111010111010
4 10101110101110
7 10101011101110
7 10101011101110
3 11101110101010
0 10101110111010
7 10101011101110
1 11101010101110
0 10101110111010
0 10101110111010
6 10111011101010
0 10101110111010
3 11101110101010
7 10101011101110
4 10101110101110
7 10101011101110
0 10101110111010
1 11101010101110
1 11101010101110
4 10101110101110
4 10101110101110
3 11101110101010
6 10111011101010
1 11101010101110
3 11101110101010
9 10111010111010
1 11101010101110
6 10111011101010
9 10111010111010
2 10111010101110
6 10111011101010
8 11101010111010
6 10111011101010
9 10111010111010
5 11101011101010
3 11101110101010
2 10111010101110
4 10101110101110
4 10101110101110
5 11101011101010
4 10101110101110
9 10111010111010
9 10111010111010
5 11101011101010
4 10101110101110
0 10101110111010
8 11101010111010
1 11101010101110
4 10101110101110
8 11101010111010
4 10101110101110
6 10111011101010
0 10101110111010
0 10101110111010
4 10101110101110
7 10101011101110
0 10101110111010
2 10111010101110
6 10111011101010
4 10101110101110
9 10111010111010
6 10111011101010
3 11101110101010
6 10111011101010
5 11101011101010
3 11101110101010
4 10101110101110
6 10111011101010
1 11101010101110
1 11101010101110
0 10101110111010
6 10111011101010
7 10101011101110
4 10101110101110
3 11101110101010
2 10111010101110
2 10111010101110
7 10101011101110
8 11101010111010
9 10111010111010
8 11101010111010
8 11101010111010
9 10111010111010
4 10101110101110
3 11101110101010
1 11101010101110
6 10111011101010
0 10101110111010
6 10111011101010
0 10101110111010
0 10101110111010
8 11101010111010
4 10101110101110
3 11101110101010
5 11101011101010
4 10101110101110
2 10111010101110
1 11101010101110
3 11101110101010
8 11101010111010
3 11101110101010
7 10101011101110
4 10101110101110
6 10111011101010
8 11101010111010
4 10101110101110
3 11101110101010
0 10101110111010
9 10111010111010
1 11101010101110
6 10111011101010
4 10101110101110
4 10101110101110
6 10111011101010
1 11101010101110
6 10111011101010
9 10111010111010
6 10111011101010
9 10111010111010
3 11101110101010
4 10101110101110
3 11101110101010
2 10111010101110
8 11101010111010
4 10101110101110
1 11101010101110
1 11101010101110
9 10111010111010
0 10101110111010
1 11101010101110
8 11101010111010
8 11101010111010
3 11101110101010
7 10101011101110
6 10111011101010
9 10111010111010
7 10101011101110
7 10101011101110
3 11101110101010
9 10111010111010
2 10111010101110
7 10101011101110
5 11101011101010
0 10101110111010
9 10111010111010
8 11101010111010
3 11101110101010
8 11101010111010
6 10111011101010
4 10101110101110
4 10101110101110
8 11101010111010
7 10101011101110
1 11101010101110
9 10111010111010
5 11101011101010
4 10101110101110
2 10111010101110
7 10101011101110
5 11101011101010
1 11101010101110
6 10111011101010
2 10111010101110
1 11101010101110
3 11101110101010
3 11101110101010
8 11101010111010
4 10101110101110
5 11101011101010
9 10111010111010
1 11101010101110
7 10101011101110
1 11101010101110
6 10111011101010
2 10111010101110
0 10101110111010
1 11101010101110
1 11101010101110
1 11101010101110
6 10111011101010
9 10111010111010
9 10111010111010
5 11101011101010
3 11101110101010
3 11101110101010
2 10111010101110
8 11101010111010
0 10101110111010
3 11101110101010
2 10111010101110
2 10111010101110
9 10111010111010
2 10111010101110
9 10111010111010
4 10101110101110
2 10111010101110
0 10101110111010
5 11101011101010
4 10101110101110
5 11101011101010
5 11101011101010
4 10101110101110
9 10111010111010
0 10101110111010
8 11101010111010
6 10111011101010
1 11101010101110
5 11101011101010
3 11101110101010
2 10111010101110
1 11101010101110
5 11101011101010
2 10111010101110
3 11101110101010
6 10111011101010
2 10111010101110
2 10111010101110
5 11101011101010
8 11101010111010
6 10111011101010
0 10101110111010
4 10101110101110
1 11101010101110
4 10101110101110
4 10101110101110
9 10111010111010
6 10111011101010
1 11101010101110
8 11101010111010
8 11101010111010
3 11101110101010
1 11101010101110
1 11101010101110
1 11101010101110
7 10101011101110
2 10111010101110
6 10111011101010
9 10111010111010
2 10111010101110
4 10101110101110
0 10101110111010
3 11101110101010
0 10101110111010
9 10111010111010
0 10101110111010
6 10111011101010
5 11101011101010
2 10111010101110
8 11101010111010
7 10101011101110
1 11101010101110
1 11101010101110
